-9999.000 -9999.000 : 0.000
-9999.000 -4999.500 : -4999.500
-9999.000 0.000 : -9999.000
-9999.000 4999.500 : -14998.500
-9999.000 9999.000 : -19998.000
-4999.500 -9999.000 : 4999.500
-4999.500 -4999.500 : 0.000
-4999.500 0.000 : -4999.500
-4999.500 4999.500 : -9999.000
-4999.500 9999.000 : -14998.500
0.000 -9999.000 : 9999.000
0.000 -4999.500 : 4999.500
0.000 0.000 : 0.000
0.000 4999.500 : -4999.500
0.000 9999.000 : -9999.000
4999.500 -9999.000 : 14998.500
4999.500 -4999.500 : 9999.000
4999.500 0.000 : 4999.500
4999.500 4999.500 : 0.000
4999.500 9999.000 : -4999.500
9999.000 -9999.000 : 19998.000
9999.000 -4999.500 : 14998.500
9999.000 0.000 : 9999.000
9999.000 4999.500 : 4999.500
9999.000 9999.000 : 0.000
