0.000 0.000 : 0.000
0.000 2.250 : 2.250
0.000 4.500 : 4.500
0.000 6.750 : 6.750
0.000 9.000 : 9.000
2.250 0.000 : 2.250
2.250 2.250 : 4.500
2.250 4.500 : 6.750
2.250 6.750 : 9.000
2.250 9.000 : 11.250
4.500 0.000 : 4.500
4.500 2.250 : 6.750
4.500 4.500 : 9.000
4.500 6.750 : 11.250
4.500 9.000 : 13.500
6.750 0.000 : 6.750
6.750 2.250 : 9.000
6.750 4.500 : 11.250
6.750 6.750 : 13.500
6.750 9.000 : 15.750
9.000 0.000 : 9.000
9.000 2.250 : 11.250
9.000 4.500 : 13.500
9.000 6.750 : 15.750
9.000 9.000 : 18.000
