-9999.000 -9999.000 : 99980001.000
-9999.000 -4999.500 : 49990000.500
-9999.000 0.000 : -0.000
-9999.000 4999.500 : -49990000.500
-9999.000 9999.000 : -99980001.000
-4999.500 -9999.000 : 49990000.500
-4999.500 -4999.500 : 24995000.250
-4999.500 0.000 : -0.000
-4999.500 4999.500 : -24995000.250
-4999.500 9999.000 : -49990000.500
0.000 -9999.000 : -0.000
0.000 -4999.500 : -0.000
0.000 0.000 : 0.000
0.000 4999.500 : 0.000
0.000 9999.000 : 0.000
4999.500 -9999.000 : -49990000.500
4999.500 -4999.500 : -24995000.250
4999.500 0.000 : 0.000
4999.500 4999.500 : 24995000.250
4999.500 9999.000 : 49990000.500
9999.000 -9999.000 : -99980001.000
9999.000 -4999.500 : -49990000.500
9999.000 0.000 : 0.000
9999.000 4999.500 : 49990000.500
9999.000 9999.000 : 99980001.000
