-9.000 -9.000 : -18.000
-9.000 -4.500 : -13.500
-9.000 0.000 : -9.000
-9.000 4.500 : -4.500
-9.000 9.000 : 0.000
-4.500 -9.000 : -13.500
-4.500 -4.500 : -9.000
-4.500 0.000 : -4.500
-4.500 4.500 : 0.000
-4.500 9.000 : 4.500
0.000 -9.000 : -9.000
0.000 -4.500 : -4.500
0.000 0.000 : 0.000
0.000 4.500 : 4.500
0.000 9.000 : 9.000
4.500 -9.000 : -4.500
4.500 -4.500 : 0.000
4.500 0.000 : 4.500
4.500 4.500 : 9.000
4.500 9.000 : 13.500
9.000 -9.000 : 0.000
9.000 -4.500 : 4.500
9.000 0.000 : 9.000
9.000 4.500 : 13.500
9.000 9.000 : 18.000
