1 100 -5 5 100
-10.000 -5247.000
-9.798 -4941.445
-9.596 -4648.050
-9.394 -4366.566
-9.192 -4096.748
-8.990 -3838.347
-8.788 -3591.117
-8.586 -3354.809
-8.384 -3129.176
-8.182 -2913.972
-7.980 -2708.949
-7.778 -2513.859
-7.576 -2328.455
-7.374 -2152.490
-7.172 -1985.716
-6.970 -1827.886
-6.768 -1678.753
-6.566 -1538.069
-6.364 -1405.588
-6.162 -1281.060
-5.960 -1164.241
-5.758 -1054.881
-5.556 -952.734
-5.354 -857.552
-5.152 -769.088
-4.949 -687.095
-4.747 -611.325
-4.545 -541.530
-4.343 -477.465
-4.141 -418.880
-3.939 -365.530
-3.737 -317.166
-3.535 -273.541
-3.333 -234.407
-3.131 -199.519
-2.929 -168.627
-2.727 -141.485
-2.525 -117.846
-2.323 -97.462
-2.121 -80.085
-1.919 -65.469
-1.717 -53.366
-1.515 -43.528
-1.313 -35.709
-1.111 -29.661
-0.909 -25.137
-0.707 -21.889
-0.505 -19.669
-0.303 -18.232
-0.101 -17.329
0.101 -16.712
0.303 -16.135
0.505 -15.351
0.707 -14.111
0.909 -12.169
1.111 -9.277
1.313 -5.188
1.515 0.346
1.717 7.571
1.919 16.736
2.121 28.087
2.323 41.872
2.525 58.338
2.727 77.733
2.929 100.304
3.131 126.298
3.333 155.963
3.535 189.546
3.737 227.294
3.939 269.454
4.141 316.275
4.343 368.003
4.545 424.886
4.747 487.171
4.949 555.105
5.152 628.936
5.354 708.911
5.556 795.277
5.758 888.282
5.960 988.174
6.162 1095.198
6.364 1209.604
6.566 1331.638
6.768 1461.547
6.970 1599.579
7.172 1745.982
7.374 1901.002
7.576 2064.886
7.778 2237.883
7.980 2420.240
8.182 2612.204
8.384 2814.021
8.586 3025.941
8.788 3248.209
8.990 3481.074
9.192 3724.783
9.394 3979.582
9.596 4245.720
9.798 4523.443
10.000 4813.000
